15 1 -1 1 1 1 2 1 1 3 1 2 4 1 2 5 1 3 6 1 3 7 1 4 8 1 5 9 1 5 10 1 6 11 1 6 12 1 6 13 1 13 14 14

12 1 -1 1 1 1 2 1 1 3 1 2 4 1 2 5 1 5 8 1 2 6 1 3 7 2 4 14 3 1 14

22 1 -1 1 1 1 2 1 1 3 1 2 4 1 2 5 1 3 6 1 3 7 1 6 11 1 6 12 1 6 13 1 13 14 4 1 4 2 4 3 4 4 4 5 4 6 4 7 4 11 4 12 4 13 4 14

23 1 -1 1 1 1 2 1 1 3 1 2 4 1 2 5 1 3 6 1 3 7 1 4 8 1 5 9 1 5 10 1 6 11 1 6 12 1 6 13 1 13 14 8 1 8 2 8 3 8 4 8 7 8 8 8 9 8 10 8 14

23 1 -1 1 1 1 2 1 1 3 1 2 4 1 2 5 1 3 6 1 3 7 1 4 8 1 5 9 1 5 10 1 6 11 1 6 12 1 6 13 1 13 14 9 1 2 9 1 4 9 1 10 9 1 14 9 2 9 9 3 13 9 3 14 9 13 14 9 5 5

23 1 -1 1 1 1 2 1 1 3 1 2 4 1 2 5 1 3 6 1 3 7 1 4 8 1 5 9 1 5 10 1 6 11 1 6 12 1 6 13 1 13 14

15 1 -1 1 1 1 2 1 1 3 1 2 4 1 2 5 1 3 6 1 3 7 1 4 8 1 5 9 1 5 10 1 6 11 1 6 12 1 6 13 1 13 14

15 1 -1 1 1 1 2 1 1 3 1 2 4 1 2 5 1 3 6 1 3 7 1 4 8 1 5 9 1 5 10 1 6 11 1 6 12 1 6 13 1 13 14

23 1 -1 1 1 1 2 1 1 3 1 2 4 1 2 5 1 3 6 1 3 7 1 4 8 1 5 9 1 5 10 1 6 11 1 6 12 1 6 13 1 13 14